01387381601610024202324002008000000000081108
00541828301610024292324001966000000000052689
00458370901610024212324001965000000000142429
01642943101610026972326001116000000000058544
01584306701610024282324002009000000000058544
00948826701610024292324001336000000000209154
01740072201610024262324002013000000000065444
01600669901610024212324002010000000000046835
01009806001610024292324001997000000000125678
00636513501610024272324001337000000000058544
01376567301610024212324002007000000000108363
00617825501610024282324001247000000000058544
00588945401610024272324001967000000000113315
00208107001610026962326001092000000000060826
00214093801610024242324001963000000000054744
00694058601610024222324001995000000000070964
00591962701610024252324001968000000000058544
00615315701610024282324001359000000000058544
01131242601610024282324001233000000000058544
01295130701610024262324001363000000000052689
01536743701610024212324001366000000000087815
01520894801610024272324001368000000000142525
00514814001610024252324001369000000000070253
00274928701610024292324001370000000000060826
00696508701610024222324001303000000000083088
01515771601610024252324001338000000000238168
00635082601610024232324001339000000000135693
00691163101610024242324001994000000000235268
00941702601610026962326001108000000000139508
00438629501610026952326001084000000000113225
00630891701610024252324001971000000000058544
00512283601610026942326001109000000000241288
00612109601610026902326001087000000000052689
00696462401610024272324001340000000000228388
00589049301610024202324001344000000000147054
01250614701610024282324001345000000000080241
00606939401610024262324001346000000000117088
01079042601610024242324001347000000000058544
00615576501610024222324001348000000000105363
01747655001610024212324001349000000000058544
01637059401610024242324001350000000000040981
00994283101610024222324001351000000000113225
00477152901610024232324001356000000000058544
00035513501610024212324001357000000000115338
00600693101610024212324001335000000000052689
00652673901610024292324001319000000000131266
01386966401610024262324001329000000000035126
01318143801610024272324001323000000000035126
01228355301610024282324001314000000000058544
01250846701610024212324002002000000000135048
00613576901610024212324001312000000000058544
01846531801610024202324001313000000000117088
01086896601610024252324001307000000000249713
01455966001610024232324001373000000000081108
01369347701610026962326001075000000000098621
01557327801610024272324001306000000000083952
00636949301610026922326001077000000000058544
00685521901610024262324001993000000000074520
00187497001610024282324001961000000000239050
00298993801610024212324001304000000000105714
01326685801610024272324002004000000000139282
00536855401610024262324001315000000000058544
01205414201610024242324002000000000000113225
01337510101610024252324002005000000000070253
01191775701610024212324001326000000000040981
00645418001610024212324001318000000000058544
00299668101610024262324001332000000000103679
01245424201610024222324002001000000000104961
01563131601610024252324001324000000000058544
00323144201610024202324001375000000000058544
01384650501610024282324001328000000000058544
01686633901610024282324001376000000000078874
01338008301610024202324001408000000000035126
00623185501610024232324001504000000000133460
00672747301610024212324001528000000000112361
01742828301610024252324001517000000000084042
00212222001610024232324001521000000000060826
01593036801610024262324001525000000000058544
00458572001610024262324001508000000000140490
01544115501610024272324001533000000000271254
00644642701610024242324001526000000000070253
00643215401610024282324001538000000000058544
01261094601610024252324001503000000000112361
00635952801610024202324001537000000000070253
00457895201610024212324001536000000000046835
00995914501610024282324001524000000000058544
00356299501610024222324001527000000000058544
01489099401610024282324001507000000000087815
00912050501610024232324001535000000000084042
01867668401610024292324001529000000000151694
01686942601610024272324001516000000000070253
01512230001610024282324001541000000000083456
00685593601610024232324001518000000000070253
00443683501610024212324001514000000000058544
01533156601610024252324001534000000000270357
01972056501610024242324001543000000000040981
01382242201610024202324001540000000000080531
00792439501610024222324001530000000000128913
01561010101610024242324001512000000000084042
00601219501610024202324001506000000000058544
00924885201610024242324001509000000000058544
01363707701610024222324001513000000000040981
01558643301610024262324001511000000000040981
01246089701610024212324001522000000000058544
01508115501610024212324001531000000000080531
00637066801610024282324001510000000000070253
01117685801610024212324001559000000000084042
00443065701610024222324001561000000000144587
01662529401610024232324001566000000000040981
01295341901610024212324001567000000000058544
01346757901610024272324001564000000000083952
01229256301610024252324001565000000000080531
01299814901610024242324001574000000000142429
01490542901610024202324001568000000000137734
00614727301610024282324001586000000000142458
01951387701610024252324001596000000000046835
01692206801610024212324001648000000000084042
01216152901610024212324001674000000000078822
01110799401610024232324001681000000000058544
01543959601610024212324001682000000000035126
00696899901610024282324001684000000000103950
01581879801610024272324001693000000000058544
01054830301610024252324001694000000000048787
00685897001610024242324001705000000000076107
01392694001610024262324001699000000000136025
00795081001610024212324001701000000000058544
01382378101610024272324001709000000000080043
02002771701610024272324001712000000000081370
01755940701610024212324001707000000000078615
01697202401610024262324001718000000000081108
00681286601610024262324001721000000000046835
01329059601610024222324001723000000000058544
00604061301610024272324001760000000000621656
00348184501610024272324001774000000000172304
00650261401610024242324001767000000000077982
01430061901610024242324001770000000000052689
01637947201610024212324001772000000000058544
01613499701610024212324001786000000000058544
00644168101610024292324001787000000000081759
00371750201610024202324001800000000000058544
01329076401610024282324001801000000000105379
00509264001610024242324001803000000000073179
00614697601610024222324001804000000000052689
01054016401610024262324001816000000000052689
01707444201610024242324001817000000000081108
01714456201610024222324001818000000000058544
01139217501610024212324001819000000000070253
01211328201610024202324001828000000000117088
02180204201610024262324001833000000000052689
01499283101610024292324001840000000000052689
01641261901610024272324001841000000000046835
01514101401610024212324001853000000000058544
01112546601610024222324001849000000000035126
01739750201610024242324001851000000000058544
00451153601610024232324001857000000000225515
00619092601610024212324001870000000000232970
00482567801610024212324001867000000000046835
01053920901610024292324001868000000000141480
00617654001610024221224001865000000000035126
01328808601610024212324001875000000000058544
01005628801610024202324001876000000000046835
01404520601610024282324001877000000000046835
00766206801610024262324001878000000000055013
00857609001610024292324001871000000000076107
00601578501610024212324001884000000000070253
00644152601610024222324001883000000000058544
01638003301610024272324001886000000000046835
01643322401610024222324001897000000000046835
01167517601610024262324001900000000000035126
01467579701610024292324001899000000000052689
01695329901610024202324001909000000000096137
00457880101610024222324001916000000000192339
00919484501610024292324001921000000000110188
01419621401610024232324001924000000000070253
01679991001610024242324001932000000000084427
01614899601610024262324001931000000000070253
01919472201610024282324001930000000000042423
01442897401610024252324001940000000000081590
00995370201610024272324001936000000000036151
00794322101610024252324001937000000000058544
00941045601610024202324001943000000000048787
00355538401610024232324001941000000000058544
01283340101610024222324001950000000000070253
01256170501610024232324001938000000000058544
01796448401610024212324001948000000000070253
01483825401610024292324001949000000000070253
00696657901610024202324001957000000000058544
00435968501610024232324001759000000000235268
01468063001610024212324001956000000000087815
00684329901610024212324001973000000000112361
00642737501610024202324001974000000000046835
00792103301610024282324001975000000000058544
01345932701610024262324001976000000000046835
01728524701610024222324001978000000000052689
00612208301610024282324001989000000000058544
00356827001610024232324001986000000000100000
01009890001610024212324001987000000000058544
01540347401610024292324001983000000000087815
01233708501610024212324001982000000000058544
01386652101610024272324001984000000000058544
00619512001610024252324001985000000000147054
01560417501610024202324001991000000000040981
00684781101610024212324001990000000000046835
00501686101610024212324002016000000000150000
01473977401610024272324002018000000000058544
01652569701610024252324002019000000000058544
01474483701610024292324002017000000000147054
01467429201610024292324002020000000000040981
01086350201610024272324002021000000000052689
00863061701610024242324002028000000000117088
01474227501610024202324001988000000000052689
01207393701610024252324002022000000000243240
00686179801610024222324002032000000000052689
01116409301610024262324002030000000000150332
00516940101610024202324002042000000000552000
01026639701610024292324002034000000000138000
00948687601610024212324002041000000000250554
01608724601610024242324002045000000000087815
00568623701610024212324002047000000000062440
01602927501610024292324002048000000000033980
01383379201610024222324002046000000000034665
00000000000070044480000016704000000020283584
